16x16
[[1. 1. 0. 0. 0. 1. 1. 0. 1. 1. 1. 0. 1. 1. 0. 1.]
 [1. 1. 1. 0. 0. 0. 1. 1. 0. 1. 1. 1. 0. 1. 1. 0.]
 [1. 1. 1. 1. 0. 0. 0. 1. 1. 0. 1. 1. 1. 0. 1. 1.]
 [0. 1. 1. 1. 1. 0. 0. 0. 1. 1. 0. 1. 1. 1. 0. 1.]
 [0. 0. 1. 1. 1. 1. 0. 0. 0. 1. 1. 0. 1. 1. 1. 0.]
 [1. 0. 0. 1. 1. 1. 1. 0. 0. 0. 1. 1. 0. 1. 1. 1.]
 [1. 1. 0. 0. 1. 1. 1. 1. 0. 0. 0. 1. 1. 0. 1. 1.]
 [0. 1. 1. 0. 0. 1. 1. 1. 1. 0. 0. 0. 1. 1. 0. 1.]
 [0. 0. 1. 1. 0. 0. 1. 1. 1. 1. 0. 0. 0. 1. 1. 0.]
 [0. 0. 0. 1. 1. 0. 0. 1. 1. 1. 1. 0. 0. 0. 1. 1.]
 [0. 0. 0. 0. 1. 1. 0. 0. 1. 1. 1. 1. 0. 0. 0. 1.]
 [1. 0. 0. 0. 0. 1. 1. 0. 0. 1. 1. 1. 1. 0. 0. 0.]
 [0. 1. 0. 0. 0. 0. 1. 1. 0. 0. 1. 1. 1. 1. 0. 0.]
 [0. 0. 1. 0. 0. 0. 0. 1. 1. 0. 0. 1. 1. 1. 1. 0.]
 [1. 0. 0. 1. 0. 0. 0. 0. 1. 1. 0. 0. 1. 1. 1. 1.]
 [0. 1. 0. 0. 1. 0. 0. 0. 0. 1. 1. 0. 0. 1. 1. 1.]]
 

a = np.array(
[[1., 1., 0., 0., 0., 1., 1., 0., 1., 1., 1., 0., 1., 1., 0., 1.],
 [1., 1., 1., 0., 0., 0., 1., 1., 0., 1., 1., 1., 0., 1., 1., 0.],
 [1., 1., 1., 1., 0., 0., 0., 1., 1., 0., 1., 1., 1., 0., 1., 1.],
 [0., 1., 1., 1., 1., 0., 0., 0., 1., 1., 0., 1., 1., 1., 0., 1.],
 [0., 0., 1., 1., 1., 1., 0., 0., 0., 1., 1., 0., 1., 1., 1., 0.],
 [1., 0., 0., 1., 1., 1., 1., 0., 0., 0., 1., 1., 0., 1., 1., 1.],
 [1., 1., 0., 0., 1., 1., 1., 1., 0., 0., 0., 1., 1., 0., 1., 1.],
 [0., 1., 1., 0., 0., 1., 1., 1., 1., 0., 0., 0., 1., 1., 0., 1.],
 [0., 0., 1., 1., 0., 0., 1., 1., 1., 1., 0., 0., 0., 1., 1., 0.],
 [0., 0., 0., 1., 1., 0., 0., 1., 1., 1., 1., 0., 0., 0., 1., 1.],
 [0., 0., 0., 0., 1., 1., 0., 0., 1., 1., 1., 1., 0., 0., 0., 1.],
 [1., 0., 0., 0., 0., 1., 1., 0., 0., 1., 1., 1., 1., 0., 0., 0.],
 [0., 1., 0., 0., 0., 0., 1., 1., 0., 0., 1., 1., 1., 1., 0., 0.],
 [0., 0., 1., 0., 0., 0., 0., 1., 1., 0., 0., 1., 1., 1., 1., 0.],
 [1., 0., 0., 1., 0., 0., 0., 0., 1., 1., 0., 0., 1., 1., 1., 1.],
 [0., 1., 0., 0., 1., 0., 0., 0., 0., 1., 1., 0., 0., 1., 1., 1.]]
)
b = np.array([1, 0, 1, 1, 1, 1, 0, 0, 0, 0, 0, 0, 0, 0, 1, 1])

preXOR = [1. 1. 1. 0. 1. 0. 1. 1. 1. 0. 1. 0. 0. 0. 0. 1.]
         [1  1  1  0  1  0  1  1  1  0  1  0  0  0  0  1]