n = 16
vertical = np.array([1, 0, 0, 1, 1, 1])
horizontal = np.array([0, 1, 1, 1, 0, 1, 1, 0, 0, 0])
key = np.array([1, 1, 0, 1, 0, 1, 1, 0, 0, 1, 1, 1, 0, 0, 0, 0, 1])
6x11 Matrix
[[1. 0. 0. 0. 1. 1. 0. 1. 1. 1. 0.]
 [0. 1. 0. 0. 0. 1. 1. 0. 1. 1. 1.]
 [0. 0. 1. 0. 0. 0. 1. 1. 0. 1. 1.]
 [1. 0. 0. 1. 0. 0. 0. 1. 1. 0. 1.]
 [1. 1. 0. 0. 1. 0. 0. 0. 1. 1. 0.]
 [1. 1. 1. 0. 0. 1. 0. 0. 0. 1. 1.]]
key_start: [1 1 0 1 0 1 1 0 0 1 1]
key_rest: [1 0 0 0 0 1]
preXOR: [1 1 1 1 1 1]
Amplificated Key: [0 1 1 1 1 0]
