0b10101000111111011010010101110111, 0b11110011000000000110101010011000, 0b11110110110001111100111001101001

0b10010011000111011111001011110011, 0b10111010011101010011011101000100, 0b11111100010001011111010011000100, 0b00110101010111010010000010010111, 0b01001110101110100111110001100101

0b11101100100100001000110111011101, 0b00111111111110111000110111111111, 0b11011100001101001011010100001101, 0b10001010001100000010000010001000, 0b00111100110011010010100100110000, 0b00100111100010001000111110011101, 0b01111110101100011000110010101111, 0b01001110101100010100101100111011, 0b00000000000000000000000000000001


PS C:\Users\Administrator\Documents\GitHub\scripts> python "Modified_Toepliz_Matrixmultiplikation_autogenerate - Kopie (2).py"
[[1. 1. 0. ... 0. 0. 1.]
 [0. 1. 1. ... 1. 0. 0.]
 [1. 0. 1. ... 0. 1. 0.]
 ...
 [0. 1. 0. ... 0. 0. 1.]
 [0. 0. 1. ... 0. 0. 0.]
 [1. 0. 0. ... 0. 0. 0.]]
key_start: [1 1 1 0 1 1 0 0 1 0 0 1 0 0 0 0 1 0 0 0 1 1 0 1 1 1 0 1 1 1 0 1 0 0 1 1 1
 1 1 1 1 1 1 1 1 0 1 1 1 0 0 0 1 1 0 1 1 1 1 1 1 1 1 1 1 1 0 1 1 1 0 0 0 0
 1 1 0 1 0 0 1 0 1 1 0 1 0 1 0 0 0 0 1 1 0 1 1 0 0 0 1 0 1 0 0 0 1 1 0 0 0
 0 0 0 1 0 0 0 0 0 1 0 0 0 1 0 0 0 0 0 1 1 1 1 0 0 1 1 0 0 1 1 0 1 0 0 1 0
 1 0 0 1 0 0 1 1 0 0 0 0 0]
key_rest: [0 1 0 0 1 1 1 1 0 0 0 1 0 0 0 1 0 0 0 1 1 1 1 1 0 0 1 1 1 0 1 0 1 1 1 1 1
 1 0 1 0 1 1 0 0 0 1 1 0 0 0 1 1 0 0 1 0 1 0 1 1 1 1 0 1 0 0 1 1 1 0 1 0 1
 1 0 0 0 1 0 1 0 0 1 0 1 1 0 0 1 1 1 0 1 1 1]
preXOR: [1 1 0 1 0 1 0 0 1 0 1 1 1 1 1 0 0 1 1 1 0 0 0 0 1 1 0 0 0 0 0 0 1 1 0 0 1
 1 0 1 1 0 1 0 1 1 0 0 1 0 0 0 0 1 1 1 0 1 1 0 0 0 0 1 1 1 1 0 1 0 1 1 0 0
 1 0 1 1 1 0 1 1 0 0 1 0 0 1 0 1 0 1 0 1 1 0]
Amplificated Key: [1 0 0 1 1 0 1 1 1 0 1 0 1 1 1 1 0 1 1 0 1 1 1 1 1 1 1 1 1 0 1 0 0 0 1 1 0
 0 0 0 1 1 0 0 1 1 1 1 1 0 0 1 1 1 1 0 0 0 1 1 1 1 1 1 0 1 1 1 0 1 1 0 0 1
 0 0 1 1 0 0 0 1 0 1 1 1 1 1 0 0 1 0 0 0 0 1]
PS C:\Users\Administrator\Documents\GitHub\scripts> python .\Matrix_RNG.py



vertical = np.array([1, 0, 1, 0, 1, 0, 0, 0, 1, 1, 1, 1, 1, 1, 0, 1, 1, 0, 1, 0, 0, 1, 0, 1, 0, 1, 1, 1, 0, 1, 1, 1, 1, 1, 1, 1, 0, 0, 1, 1, 0, 0, 0, 0, 0, 0, 0, 0, 0, 1, 1, 0, 1, 0, 1, 0, 1, 0, 0, 1, 1, 0, 0, 0, 1, 1, 1, 1, 0, 1, 1, 0, 1, 1, 0, 0, 0, 1, 1, 1, 1, 1, 0, 0, 1, 1, 1, 0, 0, 1, 1, 0, 1, 0, 0, 1])
horizontal = np.array([1, 0, 0, 1, 0, 0, 1, 1, 0, 0, 0, 1, 1, 1, 0, 1, 1, 1, 1, 1, 0, 0, 1, 0, 1, 1, 1, 1, 0, 0, 1, 1, 1, 0, 1, 1, 1, 0, 1, 0, 0, 1, 1, 1, 0, 1, 0, 1, 0, 0, 1, 1, 0, 1, 1, 1, 0, 1, 0, 0, 0, 1, 0, 0, 1, 1, 1, 1, 1, 1, 0, 0, 0, 1, 0, 0, 0, 1, 0, 1, 1, 1, 1, 1, 0, 1, 0, 0, 1, 1, 0, 0, 0, 1, 0, 0, 0, 0, 1, 1, 0, 1, 0, 1, 0, 1, 0, 1, 1, 1, 0, 1, 0, 0, 1, 0, 0, 0, 0, 0, 1, 0, 0, 1, 0, 1, 1, 1, 0, 1, 0, 0, 1, 1, 1, 0, 1, 0, 1, 1, 1, 0, 1, 0, 0, 1, 1, 1, 1, 1, 0, 0, 0, 1, 1, 0, 0, 1, 0, 1])
key = np.array([1, 1, 1, 0, 1, 1, 0, 0, 1, 0, 0, 1, 0, 0, 0, 0, 1, 0, 0, 0, 1, 1, 0, 1, 1, 1, 0, 1, 1, 1, 0, 1, 0, 0, 1, 1, 1, 1, 1, 1, 1, 1, 1, 1, 1, 0, 1, 1, 1, 0, 0, 0, 1, 1, 0, 1, 1, 1, 1, 1, 1, 1, 1, 1, 1, 1, 0, 1, 1, 1, 0, 0, 0, 0, 1, 1, 0, 1, 0, 0, 1, 0, 1, 1, 0, 1, 0, 1, 0, 0, 0, 0, 1, 1, 0, 1, 1, 0, 0, 0, 1, 0, 1, 0, 0, 0, 1, 1, 0, 0, 0, 0, 0, 0, 1, 0, 0, 0, 0, 0, 1, 0, 0, 0, 1, 0, 0, 0, 0, 0, 1, 1, 1, 1, 0, 0, 1, 1, 0, 0, 1, 1, 0, 1, 0, 0, 1, 0, 1, 0, 0, 1, 0, 0, 1, 1, 0, 0, 0, 0, 0, 0, 1, 0, 0, 1, 1, 1, 1, 0, 0, 0, 1, 0, 0, 0, 1, 0, 0, 0, 1, 1, 1, 1, 1, 0, 0, 1, 1, 1, 0, 1, 0, 1, 1, 1, 1, 1, 1, 0, 1, 0, 1, 1, 0, 0, 0, 1, 1, 0, 0, 0, 1, 1, 0, 0, 1, 0, 1, 0, 1, 1, 1, 1, 0, 1, 0, 0, 1, 1, 1, 0, 1, 0, 1, 1, 0, 0, 0, 1, 0, 1, 0, 0, 1, 0, 1, 1, 0, 0, 1, 1, 1, 0, 1, 1, 1])




REAL:
vertical = np.array([101010001111110110100101011101111111001100000000011010101001100011110110110001111100111001101001])
horizontal = np.array([1001001100011101111100101111001110111010011101010011011101000100111111000100010111110100110001000011010101011101001000001001011101001110101110100111110001100101])
key = np.array([11101100100100001000110111011101001111111111101110001101111111111101110000110100101101010000110110001010001100000010000010001000001111001100110100101001001100000010011110001000100011111001110101111110101100011000110010101111010011101011000101001011001110111])


key_start:[11101100100100001000110111011101001111111111101110001101111111111101110000110100101101010000110110001010001100000010000010001000001111001100110100101001001100000]
key_rest:[010011110001000100011111001110101111110101100011000110010101111010011101011000101001011001110111]
preXOR:[110101001011111001110000110000001100110110101100100001110110000111101011001011101100100101010110]
AmplificatedKey:[100110111010111101101111111110100011000011001111100111100011111101110110010011000101111100100001]



Vertical: 000000000000000000000010000001000000000000000000000000000000000000000000000000000000000000000000
Horizontal: 1001001100011101111100101111001110111010011101010011011101000100111111000100010111110100110001000011010101011101001000001001011101001110101110100111110001100101
Toeplitz Seed: 1010100011111101101001010111011111110011000000000110101010011000111101101100011111001110011010011001001100011101111100101111001110111010011101010011011101000100111111000100010111110100110001000011010101011101001000001001011101001110101110100111110001100101
Key: 111011001001000010001101110111010011111111111011100011011111111111011100001101001011010100001101100010100011000000100000100010000011110011001101001010010011000000100111100010001000111110011101011111101011000110001100101011110100111010110001010010110011101110000000000000000000000000000000
Key Start: 111011001001000010001101110111010011111111111011100011011111111111011100001101001011010100001101100010100011000000100000100010000011110011001101001010010011000000000000000000000000000000000000000000000000000000000000000000000000000000000000000000000000000010000000000000000000000000000000
Key Rest: 01001111000100010001111100111010111111010110001100011001010111101001110101100010100101100111011100000000000000000000000000000000



9BAF6FFA
30CF9E3F
764C5F21


